Coordinates for path data/ShortestRoadMap.txt
-73.592270 41.117696
-73.593770 41.117796
-73.597970 41.113996
-73.587770 41.110996
-73.586369 41.104696
-73.586669 41.104696
-73.590270 41.104196
-73.590970 41.104096
-73.591970 41.100896
-73.595070 41.096396
-73.596470 41.095396
-73.596898 41.095008
-73.600570 41.092796
-73.599870 41.090896
-73.599890 41.090624
-73.599954 41.088544
-73.599870 41.087396
-73.599770 41.086496
-73.599670 41.085696
-73.603170 41.074496
-73.603170 41.073996
-73.604270 41.065496
-73.606370 41.065596
-73.607170 41.065596
-73.607607 41.064996
-73.607970 41.064496
-73.610370 41.064296
-73.610770 41.063496
-73.611170 41.063396
-73.612570 41.063296
-73.613570 41.057996
-73.616870 41.056796
-73.616470 41.052696
-73.616770 41.052096
-73.616970 41.051796
-73.617870 41.049697
-73.618270 41.047897
-73.618850 41.046305
-73.619070 41.045497
-73.621070 41.042397
-73.621070 41.042097
-73.621370 41.041397
-73.619970 41.038197
-73.620970 41.035897
-73.621330 41.035681
-73.622570 41.034897
-73.623070 41.034397
-73.623470 41.033997
-73.624470 41.032997
-73.624770 41.032797
-73.625470 41.032197
-73.625570 41.032097
-73.626870 41.030997
-73.627070 41.030897
-73.627370 41.030597
-73.628160 41.028802
-73.628470 41.028097
-73.628970 41.027197
-73.629170 41.026997
-73.630370 41.025997
-73.631471 41.025597
-73.632471 41.025197
-73.633871 41.024197
-73.634271 41.023997
-73.635971 41.022897
-73.636271 41.022797
-73.636971 41.022397
-73.637771 41.022097
-73.638671 41.021597
-73.639271 41.021197
-73.639471 41.021097
-73.639871 41.020797
-73.640471 41.020397
-73.640671 41.020197
-73.641871 41.019497
-73.643071 41.018897
-73.643471 41.018697
-73.644071 41.017597
-73.644571 41.017297
-73.644871 41.017197
-73.645471 41.016797
-73.647671 41.015697
-73.648171 41.015297
-73.648471 41.015097
-73.649631 41.014517
-73.650871 41.013897
-73.651271 41.013597
-73.651771 41.013297
-73.652871 41.012697
-73.653271 41.012397
-73.653393 41.012305
-73.653671 41.012097
-73.654171 41.011897
-73.654393 41.011808
-73.654671 41.011697
-73.655338 41.011641
-73.656371 41.009797
-73.656871 41.008497
-73.657171 41.008097
-73.657771 41.007497
-73.659072 41.005797
-73.659772 41.004997
-73.659972 41.004797
-73.660172 41.004297
-73.660872 41.003497
-73.661772 41.002497
-73.662672 41.001497
-73.664072 41.000297
-73.664972 40.998697
-73.665172 40.998197
-73.665272 40.997797
-73.666272 40.997597
-73.667072 40.997397
-73.667572 40.997297
-73.668374 40.996967
-73.669272 40.996597
-73.673672 40.994997
-73.674515 40.994294
-73.676572 40.992997
-73.676872 40.992497
-73.677272 40.991997
-73.677572 40.991497
-73.677972 40.991097
-73.678272 40.990697
-73.680172 40.988097
-73.680272 40.987697
-73.682073 40.987097
-73.682873 40.986697
-73.684173 40.986297
-73.684273 40.985897
-73.684273 40.985397
-73.684673 40.984597
-73.687373 40.982997
-73.687873 40.982597
-73.688673 40.981297
-73.690273 40.980097
-73.690716 40.979710
-73.692673 40.977998
-73.695473 40.977198
-73.695873 40.976998
-73.698473 40.976098
-73.698773 40.975998
-73.702373 40.973298
-73.703374 40.972698
-73.704055 40.971904
-73.706129 40.969727
-73.706304 40.969691
-73.707753 40.969409
-73.708104 40.969424
-73.708699 40.969287
-73.709691 40.969103
-73.710622 40.968890
-73.711965 40.968676
-73.712728 40.968409
-73.714177 40.967753
-73.715642 40.966845
-73.716756 40.966036
-73.717748 40.965243
-73.718862 40.964495
-73.720250 40.963671
-73.721608 40.962786
-73.722600 40.962123
-73.723874 40.961498
-73.724274 40.961198
-73.724774 40.960698
-73.725475 40.960298
-73.725975 40.959798
-73.726775 40.959298
-73.727375 40.958798
-73.727975 40.958398
-73.728275 40.958298
-73.728875 40.958098
-73.729075 40.957898
-73.730075 40.957398
-73.731275 40.956998
-73.732075 40.956298
-73.732475 40.956098
-73.733275 40.955098
-73.733575 40.954898
-73.734275 40.954698
-73.734575 40.954598
-73.735975 40.953498
-73.736975 40.952598
-73.737375 40.952898
-73.737575 40.952998
-73.741075 40.950098
-73.741624 40.950263
-73.742075 40.950398
-73.744575 40.948398
-73.745775 40.947298
-73.746675 40.946598
-73.746975 40.945898
-73.747375 40.945298
-73.747975 40.944698
-73.748776 40.943998
-73.752876 40.939398
-73.753176 40.939598
-73.757008 40.936192
-73.757649 40.935622
-73.757676 40.935598
-73.758235 40.935225
-73.760076 40.933498
-73.762387 40.931433
-73.765576 40.929499
-73.766376 40.929099
-73.769476 40.927599
-73.770718 40.926047
-73.772076 40.924699
-73.778376 40.919399
-73.778676 40.919099
-73.780576 40.917599
-73.781077 40.917099
-73.781777 40.916399
-73.781977 40.916099
-73.782477 40.915099
-73.783777 40.913399
-73.784377 40.912799
-73.785277 40.911199
-73.785377 40.910299
-73.786465 40.908959
-73.786677 40.908699
-73.789577 40.907299
-73.790377 40.906799
-73.791877 40.905499
-73.793977 40.902399
-73.794477 40.901899
-73.795677 40.900699
-73.796077 40.899999
-73.797077 40.899599
-73.797235 40.899529
-73.797977 40.899199
-73.799077 40.898599
-73.799777 40.898299
-73.801077 40.897699
-73.802077 40.897399
-73.804877 40.896399
-73.805777 40.895999
-73.807377 40.895399
-73.808377 40.894999
-73.809377 40.894599
-73.810277 40.894299
-73.811177 40.893899
-73.812377 40.893399
-73.813277 40.893099
-73.814778 40.892499
-73.814978 40.892399
-73.815678 40.892099
-73.815978 40.891899
-73.815378 40.889799
-73.815203 40.888978
-73.815203 40.886378
-73.815992 40.883923
-73.818603 40.875178
-73.818803 40.872878
-73.818903 40.871678
-73.819003 40.871078
-73.819803 40.869878
-73.820503 40.869278
-73.820903 40.868878
-73.821203 40.868478
-73.821457 40.868287
-73.821603 40.868179
-73.821756 40.868011
-73.826603 40.862679
-73.827903 40.861079
-73.828103 40.860879
-73.828503 40.860379
-73.830503 40.857979
-73.830903 40.857379
-73.831403 40.856679
-73.831803 40.856579
-73.832603 40.856079
-73.833103 40.855779
-73.833903 40.855179
-73.834403 40.854579
-73.834803 40.854279
-73.836067 40.849831
-73.836340 40.847290
-73.836503 40.845779
-73.837003 40.844179
-73.837503 40.842779
-73.838303 40.840379
-73.838591 40.838747
-73.838477 40.836348
-73.838440 40.835655
-73.838403 40.834979
-73.838203 40.833879
-73.837439 40.830711
-73.837203 40.829979
-73.837003 40.829279
-73.836803 40.828579
-73.836603 40.827979
-73.836203 40.826979
-73.836303 40.826479
-73.836003 40.824679
-73.835903 40.820979
-73.836203 40.816879
-73.836303 40.815679
-73.831503 40.804980
-73.829903 40.802480
-73.826526 40.797670
-73.824841 40.794974
-73.823535 40.792986
-73.823213 40.792496
-73.822934 40.792116
-73.822662 40.790880
-73.822665 40.790435
-73.822891 40.788418
-73.821659 40.788866
-73.821681 40.788784
-73.822276 40.787420
-73.823024 40.786056
-73.823491 40.784477
-73.823558 40.784214
-73.824210 40.781072
-73.825620 40.778456
-73.825682 40.778344
-73.826864 40.776286
-73.827416 40.775326
-73.828163 40.774024
-73.828189 40.774000
-73.828905 40.773319
-73.830254 40.772124
-73.830539 40.771871
-73.830955 40.771582
-73.832803 40.770618
-73.835965 40.768171
-73.836376 40.767801
-73.837884 40.766013
-73.838365 40.765260
-73.838481 40.764987
-73.838555 40.764797
-73.838784 40.764419
-73.838981 40.764123
-73.839028 40.763630
-73.838968 40.763003
-73.838804 40.761817
-73.838761 40.761718
-73.838612 40.761322
-73.838787 40.761191
-73.839918 40.760521
-73.841502 40.760116
-73.842500 40.759922
-73.843411 40.759630
-73.844909 40.759241
-73.845362 40.759424
-73.845601 40.759293
-73.848711 40.757610
-73.849840 40.757187
-73.851061 40.756006
-73.851174 40.755463
-73.851489 40.753735
-73.851493 40.753192
-73.851534 40.753256
-73.851835 40.753726
